(271) 307-080
804-319-952
(461) 348 719
116 838 209
551 997-190
(804) 178-842
231-647-135
(475) 339 543
472 912 448
496 035-521
(562) 213-777
258-119-308
(570) 309 909
879 153 738
851 379-125
(254) 707-946
592-721-914
(388) 934 768
449 738 186
465 520-746
(028) 650-944
224-763-104
(612) 666 114
020 607 231
679 052-584
(214) 863-302
536-774-013
(418) 523 591
766 088 603
074 120-100
(552) 210-439
743-435-772
(749) 316 992
216 084 501
247 045-967
(975) 631-041
778-299-394
(871) 486 565
943 574 286
418 290-399
(884) 708-666
821-613-364
(772) 374 374
878 865 181
446 067-782
(569) 754-620
485-143-712
(979) 774 031
040 807 872
262 856-064
(708) 493-229
763-754-199
(659) 995 134
672 117 216
275 712-327
(780) 635-708
626-560-077
(587) 936 882
491 511 668
338 002-483
(184) 649-145
250-644-239
(522) 314 683
460 816 745
107 157-860
(714) 840-765
999-439-352
(430) 194 886
591 159 402
627 221-322
(204) 771-935
759-925-125
(137) 709 733
621 896 891
222 024-094
(268) 685-737
078-233-789
(292) 481 543
677 861 600
026 489-664
(173) 728-911
467-196-876
(785) 831 943
863 370 137
550 231-512
(386) 968-015
012-581-788
(532) 422 419
411 928 779
385 363-143
(543) 267-809
234-552-229
(231) 171 533
206 337 739
413 139-522
(430) 814-329
651-386-788
(941) 682 697
507 323 454
066 349-764
(963) 536-259
862-886-851
(056) 663 838
112 774 569
468 923-992
(974) 537-822
688-797-374
(553) 001 234
430 359 618
644 812-994
(770) 254-364
162-218-063
(639) 350 565
284 723 753
226 110-269
(700) 132-245
710-239-602
(585) 908 318
074 334 664
567 168-772
(737) 983-420
406-533-801
(860) 120 363
500 055 554
028 489-266
(814) 138-950
754-774-896
(865) 491 552
058 103 070
452 906-905
(051) 604-677
156-106-968
(054) 484 349
524 417 861
769 215-200
(320) 729-846
211-373-826
(117) 598 166
144 490 314
152 985-629
(212) 263-741
596-011-661
(831) 825 740
198 881 487
956 091-943
(357) 435-532
383-472-550
(047) 251 861
201 184 969
348 133-588
(174) 100-351
327-624-432
(202) 321 075
394 060 680
412 878-028
(053) 103-829
039-905-689
(355) 697 203
623 718 665
442 824-485
(851) 821-723
894-027-067
(626) 417 697
070 786 802
915 534-357
(000) 637-633
528-548-852
(486) 880 519
928 760 695
772 717-602
(321) 937-287
143-532-860
(664) 349 345
993 028 720
170 574-593
(241) 824-898
893-558-889
(626) 329 679
154 669 868
896 878-355
(095) 201-821
683-800-395
(469) 431 805
278 939 963
579 921-919
(797) 587-061
185-198-643
(835) 533 500
563 198 335
270 050-285
(164) 833-917
903-879-667
(753) 285 588
738 240 238
790 168-079
(090) 334-571
795-405-306
(007) 797 876
557 938 948
216 552-093
(608) 713-559
212-614-243
(898) 103 892
143 955 334
461 097-432
(579) 073-229
845-018-525
(693) 195 835
075 668 549
577 862-235
(263) 805-577
519-358-287
(302) 622 697
058 422 644
767 707-565
(871) 380-550
378-946-806
(237) 304 143
626 000 836
086 437-440
(227) 708-195
980-063-703
(212) 324 321
191 958 532
679 772-459
(051) 545-409
787-572-320
(809) 480 908
164 386 872
436 653-117
(978) 833-911
316-512-035
(232) 366 972
977 557 072
004 091-405
(101) 200-301
347-653-109
(333) 825 973
862 384 589
039 247-299
(292) 550-559
080-580-018
(720) 049 360
081 750 384
992 072-642
(797) 680-468
707-828-928
(244) 149 216
565 327 328
151 497-977
(006) 563-939
740-528-987
(920) 637 125
746 475 378
250 198-150
(818) 129-863
766-453-984
(673) 031 428
467 951 990
504 498-686
(674) 487-010
291-212-470
(787) 538 265
433 000 593
724 067-853
(343) 166-037
408-621-828
(117) 735 294
396 403 613
670 066-602
(970) 299-893
321-314-621
(726) 933 184
578 641 251
416 508-094
(295) 315-292
965-568-883
(778) 337 872
472 794 944
712 833-525
(830) 620-862
856-470-285
(559) 773 582
300 277 410
901 930-700
(701) 785-790
729-416-115
(708) 982 610
411 602 860
380 175-424
(296) 973-639
781-600-619
(506) 234 466
601 501 776
500 418-954
(236) 053-314
043-888-800
(132) 070 241
673 457 746
350 101-083
(637) 001-720
712-382-130
(103) 313 618
174 921 319
830 299-853
(831) 726-101
212-181-477
(490) 643 515
201 346 089
735 066-201
(510) 307-386
979-295-215
(529) 992 895
753 804 612
160 959-116
(842) 414-107
584-326-251
(721) 468 616
192 013 203
472 813-293
(772) 560-465
286-926-328
(471) 077 469
593 356 944
710 320-322
(841) 057-869
478-998-754
(218) 504 908
524 184 616
347 029-344
(781) 506-935
821-471-486
(128) 437 483
800 887 413
207 663-399
(059) 495-783
667-045-400
(976) 869 782
162 172 867
413 702-767
(453) 366-059
762-690-531
(258) 640 386
255 141 460
886 416-561
(808) 237-921
686-435-529
(921) 752 840
721 700 168
238 218-978
(539) 915-880
514-162-358
(399) 536 165
780 016 587
914 448-315
(089) 205-924
336-195-367
(386) 318 774
164 645 646
185 979-063
(162) 163-809
650-413-920
(465) 319 915
149 536 341
230 991-301
(649) 817-794
324-055-582
(175) 937 917
069 472 566
498 773-022
(850) 737-516
233-849-941
(914) 260 763
394 652 127
287 389-590
(570) 758-930
963-508-513
(956) 640 332
224 632 423
128 691-676
(624) 535-052
634-030-920
(019) 200 533
528 931 602
592 226-669
(067) 446-671
723-662-663
(964) 057 077
792 354 520
843 015-167
(164) 591-687
984-339-416
(516) 478 564
887 982 785
505 967-415
(894) 861-228
702-315-922
(284) 928 674
232 578 386
678 370-046
(343) 487-274
680-288-301
(511) 838 947
318 639 403
360 721-166
(763) 778-567
112-958-379
(587) 040 345
202 809 437
350 467-645
(592) 072-237
736-793-113
(902) 223 786
086 243 909
829 822-298
(784) 776-494
586-886-536
(846) 497 847
266 389 259
612 908-193
(905) 781-774
318-485-450
(960) 728 830
489 502 592
547 886-606
(309) 719-732
366-633-688
(257) 437 657
545 412 684
363 682-914
(743) 368-677
787-356-165
(649) 657 732
499 440 101
288 285-126
(716) 348-857
336-181-882
(220) 978 227
371 815 007
894 042-672
(644) 528-061
261-801-701
(224) 375 315
150 795 381
265 310-486
(751) 966-366
484-374-986
(457) 315 090
248 399 114
778 783-885
(458) 360-336
119-630-044
(060) 954 818
636 745 832
118 236-246
(717) 237-621
504-035-882
(474) 635 745
498 148 099
067 728-946
(762) 455-633
408-982-733
(152) 055 752
645 958 154
769 941-059
(386) 851-734
248-520-869
(555) 175 613
066 932 052
271 001-414
(859) 246-194
392-252-178
(382) 215 692
008 808 534
423 848-742
(897) 427-638
965-856-015
(716) 632 402
113 775 708
972 392-387
(544) 454-415
395-714-406
(613) 038 597
022 493 131
867 402-998
(549) 833-579
189-796-385
(063) 020 795
743 081 673
788 237-824
(730) 622-816
774-156-899
(004) 681 762
928 185 648
187 449-436
(836) 566-861
535-671-352
(616) 000 531
123 724 273
977 202-044
(053) 201-704
166-939-710
(540) 485 208
227 178 939
565 399-863
(956) 095-600
131-583-546
(067) 695 218
982 539 382
917 279-555
(283) 566-660
671-308-680
(118) 339 144
169 240 223
208 246-519
(388) 946-285
551-347-268
(967) 872 471
563 261 281
903 820-114
(559) 900-443
092-325-992
(034) 777 545
605 779 040
325 271-753
(288) 071-762
759-251-505
(994) 652 679
075 611 640
391 402-583
(378) 188-031
418-076-029
(384) 152 074
514 713 362
164 219-551
(460) 576-181
185-356-869
(735) 716 196
161 060 776
186 025-965
(477) 730-097
278-396-424
(062) 743 004
478 100 417
483 547-017
(194) 707-679
958-244-279
(612) 504 710
457 470 777
805 384-173
(902) 832-873
378-559-790
(773) 127 405
060 712 928
302 733-129
(955) 895-558
608-911-282
(695) 278 575
944 722 519
251 936-573
(623) 317-146
055-161-299
(044) 459 018
696 553 930
441 578-492
(850) 205-934
907-032-589
(736) 373 490
511 614 667
164 324-560
(479) 146-289
307-999-805
(608) 987 466
005 682 851
160 173-911
(079) 643-089
105-736-456
(306) 494 745
288 737 115
760 313-426
(958) 480-536
998-298-326
(055) 399 227
433 464 403
338 827-480
(338) 276-215
960-061-791
(290) 835 984
125 082 806
860 929-555
(706) 363-993
493-416-582
(438) 332 209
901 241 182
086 603-886
(650) 145-080
276-482-580
(528) 617 694
620 843 727
847 628-117
(069) 957-075
242-724-021
(420) 302 002
228 308 978
782 379-003
(420) 590-831
665-551-031
(265) 831 988
846 243 621
335 087-704
(158) 542-923
114-764-636
(461) 012 050
978 089 473
135 013-234
(258) 767-050
793-815-557
(396) 293 413
783 581 620
297 979-308
(719) 324-487
546-051-302
(477) 966 109
485 623 150
645 990-177
(632) 904-296
792-422-214
(625) 923 722
372 933 733
357 825-030
(295) 843-108
035-591-605
(346) 985 164
502 372 366
612 047-764
(226) 637-417
127-888-274
(148) 999 511
138 618 896
641 744-317
(225) 690-861
362-906-840
(253) 637 141
818 687 021
126 554-767
(867) 467-282
375-187-259
(709) 099 360
942 569 721
918 320-194
(440) 883-988
433-260-928
(102) 306 579
369 829 253
730 647-520
(694) 672-204
645-911-051
(503) 173 889
379 651 276
142 246-626
(204) 731-500
352-899-391
(228) 951 176
946 369 087
213 565-125
(061) 529-140
342-874-152
(335) 736 966
982 556 972
200 480-004
(196) 043-595
276-276-829
(656) 601 650
251 536 842
015 352-613
(392) 371-140
405-253-851
(946) 822 829
736 271 512
082 967-596
(622) 500-863
025-371-865
(956) 397 638
513 159 366
359 051-430
(658) 451-009
590-499-075
(716) 424 099
492 667 146
307 071-280
(590) 989-001
422-873-937
(104) 867 618
887 833 648
312 767-861
(695) 818-108
906-901-768
(318) 991 591
016 491 240
668 675-761
(243) 139-875
023-553-393
(166) 138 437
858 729 724
438 945-189
(305) 007-519
556-755-285
(637) 931 946
831 098 225
696 466-984
(493) 914-080
053-355-364
(488) 763 064
987 441 824
924 367-946
(065) 999-597
659-117-948
(377) 880 088
855 977 401
110 524-657
(272) 972-653
197-606-904
(736) 121 284
563 616 377
067 919-802
(882) 635-322
473-395-781
(996) 206 109
301 832 046
945 322-450
(387) 167-390
355-930-135
(071) 623 480
766 378 783
809 627-653
(742) 828-831
333-614-497
(224) 329 528
608 035 119
857 180-671
(915) 973-300
344-428-369
(904) 290 387
299 095 828
817 590-418
(446) 489-992
294-355-105
(550) 927 995
631 550 760
764 191-840
(023) 331-946
488-256-467
(902) 252 080
388 854 259
438 076-138
(569) 688-509
038-305-297
(092) 419 612
303 784 539
575 400-670
(940) 421-222
620-067-552
(959) 155 449
788 428 701
726 172-368
(843) 108-158
515-361-778
(760) 257 502
707 026 115
200 770-587
(542) 302-163
760-081-454
(191) 081 977
496 506 029
180 926-292
(973) 851-966
773-107-596
(656) 195 724
894 840 251
135 133-432
(730) 340-654
893-195-803
(000) 352 887
995 868 882
329 129-259
(552) 681-567
639-284-458
(048) 844 248
177 503 260
618 369-106
(159) 706-300
010-223-968
(851) 212 664
631 240 929
182 254-813
(528) 637-731
912-082-097
(820) 091 333
449 773 988
654 871-563
(725) 010-186
312-986-112
(959) 448 701
650 844 629
635 770-031
(542) 682-897
603-835-907
(675) 061 330
266 107 809
723 050-481
(532) 674-822
441-888-432
(777) 093 648
059 107 183
519 927-610
(362) 333-259
482-056-090
(508) 227 870
966 905 402
455 608-670
(808) 268-793
395-369-690
(073) 031 922
172 213 828
717 244-804
(626) 320-009
106-832-069
(884) 494 229
692 911 918
267 018-636
(327) 683-343
481-487-961
(250) 396 340
688 914 256
298 784-743
(090) 358-339
867-909-898
(013) 188 019
888 176 849
665 885-175
(139) 953-854
682-275-302
(206) 350 808
404 696 270
734 110-543
(696) 774-744
084-205-830
(727) 277 233
650 622 212
182 194-279
(522) 497-683
609-210-018
(176) 356 702
072 884 497
683 810-982
(284) 203-314
522-865-958
(890) 959 065
550 420 357
486 236-427
(851) 500-662
501-979-211
(529) 945 436
359 122 183
106 897-054
(415) 244-389
399-002-665
(013) 029 361
054 598 604
448 866-786
(480) 589-211
794-144-601
(098) 788 516
087 352 134
511 907-100
(647) 303-948
373-610-053
(956) 175 393
764 663 100
729 958-616
(594) 876-394
883-662-785
(600) 224 786
761 428 306
956 708-879
(385) 355-723
628-530-723
(883) 496 865
830 309 016
132 146-877
(128) 470-910
039-011-179
(332) 026 555
646 430 819
195 065-060
(517) 576-754
771-400-412
(318) 042 961
748 355 975
900 119-736
(716) 512-560
463-511-633
(651) 333 621
290 010 883
535 826-123
(692) 436-349
381-796-116
(236) 123 880
630 888 783
519 173-051
(759) 309-170
636-297-627
(194) 554 055
790 598 870
200 717-126
(727) 308-384
332-545-047
(907) 083 699
431 757 397
272 147-477
(358) 079-859
171-676-932
(013) 308 477
492 023 999
974 705-501
(754) 702-868
525-363-784
(535) 854 977
044 293 781
949 876-521
(594) 165-116
427-113-392
(623) 190 004
070 889 069
850 615-516
(002) 340-612
276-411-392
(458) 968 704
122 843 882
995 624-306
(096) 769-494
542-149-173
(460) 849 618
792 163 784
043 381-990
(800) 269-190
366-782-412
(283) 628 113
090 563 348
521 089-043
(988) 348-502
843-813-138
(469) 420 032
504 318 884
101 319-235
(138) 979-849
046-432-830
(286) 001 071
691 189 376
687 641-545
(522) 261-215
336-675-325
(481) 167 252
302 060 270
547 574-487
(720) 107-966
572-808-991
(137) 104 039
592 946 582
971 678-827
(181) 478-980
301-086-921
(946) 081 856
412 439 827
564 259-219
(713) 666-775
960-048-441
(640) 245 537
622 721 841
791 420-912
(000) 428-452
281-603-263
(433) 290 650
135 934 417
113 250-441
(789) 605-082
756-850-921
(231) 766 092
716 515 809
154 805-838
(115) 633-623
848-883-359
(661) 525 546
229 296 942
255 523-526
(176) 699-783
273-068-780
(871) 354 468
103 925 186
673 118-002