Se utiliza [\(|\)| |-] para formatear los números. 
Después utiliza \d{3}$ y se remplazan por 555
271307555
804319555
461348555
116838555
551997555
804178555
231647555
475339555
472912555
496035555
562213555
258119555
570309555
879153555
851379555
254707555
592721555
388934555
449738555
465520555
028650555
224763555
612666555
020607555
679052555
214863555
536774555
418523555
766088555
074120555
552210555
743435555
749316555
216084555
247045555
975631555
778299555
871486555
943574555
418290555
884708555
821613555
772374555
878865555
446067555
569754555
485143555
979774555
040807555
262856555
708493555
763754555
659995555
672117555
275712555
780635555
626560555
587936555
491511555
338002555
184649555
250644555
522314555
460816555
107157555
714840555
999439555
430194555
591159555
627221555
204771555
759925555
137709555
621896555
222024555
268685555
078233555
292481555
677861555
026489555
173728555
467196555
785831555
863370555
550231555
386968555
012581555
532422555
411928555
385363555
543267555
234552555
231171555
206337555
413139555
430814555
651386555
941682555
507323555
066349555
963536555
862886555
056663555
112774555
468923555
974537555
688797555
553001555
430359555
644812555
770254555
162218555
639350555
284723555
226110555
700132555
710239555
585908555
074334555
567168555
737983555
406533555
860120555
500055555
028489555
814138555
754774555
865491555
058103555
452906555
051604555
156106555
054484555
524417555
769215555
320729555
211373555
117598555
144490555
152985555
212263555
596011555
831825555
198881555
956091555
357435555
383472555
047251555
201184555
348133555
174100555
327624555
202321555
394060555
412878555
053103555
039905555
355697555
623718555
442824555
851821555
894027555
626417555
070786555
915534555
000637555
528548555
486880555
928760555
772717555
321937555
143532555
664349555
993028555
170574555
241824555
893558555
626329555
154669555
896878555
095201555
683800555
469431555
278939555
579921555
797587555
185198555
835533555
563198555
270050555
164833555
903879555
753285555
738240555
790168555
090334555
795405555
007797555
557938555
216552555
608713555
212614555
898103555
143955555
461097555
579073555
845018555
693195555
075668555
577862555
263805555
519358555
302622555
058422555
767707555
871380555
378946555
237304555
626000555
086437555
227708555
980063555
212324555
191958555
679772555
051545555
787572555
809480555
164386555
436653555
978833555
316512555
232366555
977557555
004091555
101200555
347653555
333825555
862384555
039247555
292550555
080580555
720049555
081750555
992072555
797680555
707828555
244149555
565327555
151497555
006563555
740528555
920637555
746475555
250198555
818129555
766453555
673031555
467951555
504498555
674487555
291212555
787538555
433000555
724067555
343166555
408621555
117735555
396403555
670066555
970299555
321314555
726933555
578641555
416508555
295315555
965568555
778337555
472794555
712833555
830620555
856470555
559773555
300277555
901930555
701785555
729416555
708982555
411602555
380175555
296973555
781600555
506234555
601501555
500418555
236053555
043888555
132070555
673457555
350101555
637001555
712382555
103313555
174921555
830299555
831726555
212181555
490643555
201346555
735066555
510307555
979295555
529992555
753804555
160959555
842414555
584326555
721468555
192013555
472813555
772560555
286926555
471077555
593356555
710320555
841057555
478998555
218504555
524184555
347029555
781506555
821471555
128437555
800887555
207663555
059495555
667045555
976869555
162172555
413702555
453366555
762690555
258640555
255141555
886416555
808237555
686435555
921752555
721700555
238218555
539915555
514162555
399536555
780016555
914448555
089205555
336195555
386318555
164645555
185979555
162163555
650413555
465319555
149536555
230991555
649817555
324055555
175937555
069472555
498773555
850737555
233849555
914260555
394652555
287389555
570758555
963508555
956640555
224632555
128691555
624535555
634030555
019200555
528931555
592226555
067446555
723662555
964057555
792354555
843015555
164591555
984339555
516478555
887982555
505967555
894861555
702315555
284928555
232578555
678370555
343487555
680288555
511838555
318639555
360721555
763778555
112958555
587040555
202809555
350467555
592072555
736793555
902223555
086243555
829822555
784776555
586886555
846497555
266389555
612908555
905781555
318485555
960728555
489502555
547886555
309719555
366633555
257437555
545412555
363682555
743368555
787356555
649657555
499440555
288285555
716348555
336181555
220978555
371815555
894042555
644528555
261801555
224375555
150795555
265310555
751966555
484374555
457315555
248399555
778783555
458360555
119630555
060954555
636745555
118236555
717237555
504035555
474635555
498148555
067728555
762455555
408982555
152055555
645958555
769941555
386851555
248520555
555175555
066932555
271001555
859246555
392252555
382215555
008808555
423848555
897427555
965856555
716632555
113775555
972392555
544454555
395714555
613038555
022493555
867402555
549833555
189796555
063020555
743081555
788237555
730622555
774156555
004681555
928185555
187449555
836566555
535671555
616000555
123724555
977202555
053201555
166939555
540485555
227178555
565399555
956095555
131583555
067695555
982539555
917279555
283566555
671308555
118339555
169240555
208246555
388946555
551347555
967872555
563261555
903820555
559900555
092325555
034777555
605779555
325271555
288071555
759251555
994652555
075611555
391402555
378188555
418076555
384152555
514713555
164219555
460576555
185356555
735716555
161060555
186025555
477730555
278396555
062743555
478100555
483547555
194707555
958244555
612504555
457470555
805384555
902832555
378559555
773127555
060712555
302733555
955895555
608911555
695278555
944722555
251936555
623317555
055161555
044459555
696553555
441578555
850205555
907032555
736373555
511614555
164324555
479146555
307999555
608987555
005682555
160173555
079643555
105736555
306494555
288737555
760313555
958480555
998298555
055399555
433464555
338827555
338276555
960061555
290835555
125082555
860929555
706363555
493416555
438332555
901241555
086603555
650145555
276482555
528617555
620843555
847628555
069957555
242724555
420302555
228308555
782379555
420590555
665551555
265831555
846243555
335087555
158542555
114764555
461012555
978089555
135013555
258767555
793815555
396293555
783581555
297979555
719324555
546051555
477966555
485623555
645990555
632904555
792422555
625923555
372933555
357825555
295843555
035591555
346985555
502372555
612047555
226637555
127888555
148999555
138618555
641744555
225690555
362906555
253637555
818687555
126554555
867467555
375187555
709099555
942569555
918320555
440883555
433260555
102306555
369829555
730647555
694672555
645911555
503173555
379651555
142246555
204731555
352899555
228951555
946369555
213565555
061529555
342874555
335736555
982556555
200480555
196043555
276276555
656601555
251536555
015352555
392371555
405253555
946822555
736271555
082967555
622500555
025371555
956397555
513159555
359051555
658451555
590499555
716424555
492667555
307071555
590989555
422873555
104867555
887833555
312767555
695818555
906901555
318991555
016491555
668675555
243139555
023553555
166138555
858729555
438945555
305007555
556755555
637931555
831098555
696466555
493914555
053355555
488763555
987441555
924367555
065999555
659117555
377880555
855977555
110524555
272972555
197606555
736121555
563616555
067919555
882635555
473395555
996206555
301832555
945322555
387167555
355930555
071623555
766378555
809627555
742828555
333614555
224329555
608035555
857180555
915973555
344428555
904290555
299095555
817590555
446489555
294355555
550927555
631550555
764191555
023331555
488256555
902252555
388854555
438076555
569688555
038305555
092419555
303784555
575400555
940421555
620067555
959155555
788428555
726172555
843108555
515361555
760257555
707026555
200770555
542302555
760081555
191081555
496506555
180926555
973851555
773107555
656195555
894840555
135133555
730340555
893195555
000352555
995868555
329129555
552681555
639284555
048844555
177503555
618369555
159706555
010223555
851212555
631240555
182254555
528637555
912082555
820091555
449773555
654871555
725010555
312986555
959448555
650844555
635770555
542682555
603835555
675061555
266107555
723050555
532674555
441888555
777093555
059107555
519927555
362333555
482056555
508227555
966905555
455608555
808268555
395369555
073031555
172213555
717244555
626320555
106832555
884494555
692911555
267018555
327683555
481487555
250396555
688914555
298784555
090358555
867909555
013188555
888176555
665885555
139953555
682275555
206350555
404696555
734110555
696774555
084205555
727277555
650622555
182194555
522497555
609210555
176356555
072884555
683810555
284203555
522865555
890959555
550420555
486236555
851500555
501979555
529945555
359122555
106897555
415244555
399002555
013029555
054598555
448866555
480589555
794144555
098788555
087352555
511907555
647303555
373610555
956175555
764663555
729958555
594876555
883662555
600224555
761428555
956708555
385355555
628530555
883496555
830309555
132146555
128470555
039011555
332026555
646430555
195065555
517576555
771400555
318042555
748355555
900119555
716512555
463511555
651333555
290010555
535826555
692436555
381796555
236123555
630888555
519173555
759309555
636297555
194554555
790598555
200717555
727308555
332545555
907083555
431757555
272147555
358079555
171676555
013308555
492023555
974705555
754702555
525363555
535854555
044293555
949876555
594165555
427113555
623190555
070889555
850615555
002340555
276411555
458968555
122843555
995624555
096769555
542149555
460849555
792163555
043381555
800269555
366782555
283628555
090563555
521089555
988348555
843813555
469420555
504318555
101319555
138979555
046432555
286001555
691189555
687641555
522261555
336675555
481167555
302060555
547574555
720107555
572808555
137104555
592946555
971678555
181478555
301086555
946081555
412439555
564259555
713666555
960048555
640245555
622721555
791420555
000428555
281603555
433290555
135934555
113250555
789605555
756850555
231766555
716515555
154805555
115633555
848883555
661525555
229296555
255523555
176699555
273068555
871354555
103925555
673118555